v 1.000000 0.000000 0.000000
v 0.500000 0.000000 0.8660254
v -0.500000 0.000000 0.8660254
v -1.000000 0.000000 0.000000
v -0.500000 0.000000 -0.8660254
v 0.500000 0.000000 -0.8660254
v 1.000000 1.000000 0.000000
v 0.500000 1.000000 0.8660254
v -0.500000 1.000000 0.8660254
v -1.000000 1.000000 0.000000
v -0.500000 1.000000 -0.8660254
v 0.500000 1.000000 -0.8660254
f 1 2 6 
f 2 3 5
f 3 4 5
f 2 5 6
f 7 8 12 
f 8 9 11
f 9 10 11
f 8 11 12
f 1 2 7
f 2 8 7
f 2 3 8
f 3 9 8
f 3 4 9
f 4 10 9
f 4 5 10
f 5 11 10
f 5 6 11
f 6 12 11
f 6 1 12
f 1 7 12